if (canConvert_landmine == false)
            {
                Console.WriteLine("請輸入範圍內的整數");
                Console.ReadKey();
                Environment.Exit(0);
            }

11111111111        1111 1111111 1    X 11 1 1 11 11   1    11011111111

11
22

1111111111
1        1
1 111111 1
1 1    1 0
1 111111 1
1        1
1X11111111

1111111111
1        0
111 1111 1
1 1    X 1
1 1 1 11 1
1   1    1
1111111111

1111111111
1         1
0 1111111X
1         1
1111111111

1111111111
1        1
1 111111 X
1 1    1 1
1 111111 1
1        1
1011111111

1111111111
1        1
111 111111
1 1    1 X
1 1 1 11 1
1   1    1
1011111111

1111111111
1        1
1    111 1
1    1 1 X
1    1   1
1        1
1011111111

1111111111
1        1
1    111X 1
1    1 1 1
1    1   1
1        1
1011111111

6
recursive 0
iterative 1
recursive 2
iterative 3
recursive 4
iterative 5

4,10
7,2

4,9
5,9
6,9
6,8  RR==false RC==true ; vr=1 vc=-6
5,8??
5,7??
6,7
6,6
6,5
5,5
4,5
3,5
3,4
3,3
3,2
4,2
5,2
6,2
Output:
111111111111
111111111111
11        11
11****111 11
11*  *1 1*01
11*  *1***11
11*  *****11
11X111111111
111111111111

11111
1  X1
111 1
101 1
1   1
11111